3
0 1 2
1 0 4
2 4 0
4
0 1 1 1
1 0 1 1
1 1 0 1
1 1 1 0
9
0 1 2 3 4 5 6 7 8
1 0 5 7 9 6 5 2 8
2 5 0 7 8 1 2 9 23
3 7 7 0 1 2 5 7 32
4 9 8 1 0 5 7 2 54
5 6 1 2 5 0 9 1 1
6 5 2 5 7 9 0 7 40
7 2 9 7 2 1 7 0 0
8 8 23 32 54 1 40 0 0 
1
0
4
0 32 76 64
32 0 60 86
76 60 0 45
64 86 45 0
5
0 81 57 25 28
81 0 72 28 82
57 72 0 74 9
25 28 74 0 22
28 82 9 22 0
7
0 93 17 33 79 32 5
93 0 93 38 88 7 37
17 93 0 41 60 36 20
33 38 41 0 3 24 80
79 88 60 3 0 58 96
32 7 36 24 58 0 33
5 37 20 80 96 33 0
3
0 1 2
1 0 4
2 4 0