2 2
2 2
1 4
5 5
1 1
2 3
3 2
5 4
4 5
3 100
52 99
51 50
49 50
100 40
53 458
42 281
52 606
44 401
53 300
24 939
41 938
56 45
25 691
14 996
56 270
25 953
23 414
41 899
3 645
1 490
24 759
47 936
14 852
33 99
26 411
23 99
47 403
14 291
23 977
4 735
44 203
25 320
31 499
44 795
55 935
17 287
30 657
26 945
37 841
57 571
57 811
22 761
18 649
9 768
38 801
19 789
52 434
11 171
7 710
13 218
47 513
37 877
6 242
35 778
51 759
30 300
6 248
36 250
4 273
6 158
10 904
10 175
9 415
51 907
37 165
13 170
13 205
44 902
4 541
5 623
16 382
50 443
58 31
41 193
33 480
10 875
17 398
34 160
7 392
20 405
52 978
1 279
23 895
47 734
30 546
1 244
6 185
43 929
39 588
37 51
38 344
14 738
16 343
27 317
2 34
4 986
19 215
57 247
33 414
42 768
48 411
44 692
45 589
3 208
5 10
5 2
4 6
12 6
2 9
6 3