2
10 20 10
3
50 20 1 10
10
1 2 3 4 5 6 5 4 3 2 1
9
4 4 1 9 4 8 2 8 3 1
5
1 7 4 2 2 4
150
813 522 811 732 893 593 463 480 158 598 364 639 491 485 287 597 236 862 814 491 457 292 248 233 521 74 793 215 229 383 356 96 585 368 510 786 509 96 553 871 884 197 88 353 888 574 113 158 634 372 803 432 372 273 62 297 765 38 238 330 500 209 815 811 728 728 308 392 604 498 650 816 362 461 540 450 325 709 299 789 462 82 271 44 58 621 784 785 172 563 607 701 50 787 580 510 580 690 296 870 543 687 731 578 65 168 485 812 354 549 755 32 337 349 192 104 709 885 722 393 30 507 633 494 415 26 755 266 510 174 603 755 232 146 475 241 412 547 594 843 836 473 207 87 551 654 473 379 514 579 779