abacaba
3
1 1
1 7
2 4
abba
6
1 1
2 2
1 2
2 3
1 1
2 4
ccdddeccfffe
3
1 6
7 12
1 12
abfcfddecfecfda
100
1 7
7 9
8 13
1 5
4 14
4 10
3 15
6 15
4 6
2 7
1 9
3 3
2 9
6 9
9 13
2 12
4 8
2 10
10 13
7 12
4 7
14 15
6 14
8 15
4 10
7 11
2 6
9 14
1 9
3 9
4 11
5 9
2 13
1 10
7 10
10 13
8 8
7 11
10 11
12 13
8 14
3 10
7 10
7 12
5 7
10 15
5 11
14 15
2 5
6 7
1 5
9 11
5 11
2 3
14 14
3 3
8 13
2 15
8 12
6 6
2 11
3 9
2 8
9 9
6 15
6 7
5 7
3 13
1 3
5 10
1 15
2 4
3 9
5 15
3 13
5 5
1 10
4 8
3 6
6 11
1 5
3 10
1 12
3 12
3 13
6 15
5 15
10 12
6 8
6 13
10 13
3 13
9 12
8 11
9 13
1 2
3 5
2 6
12 14
5 12